relationship_duration_post <- structure(c(163.334596936523, 166.320880314463, 169.307163692402, 
172.293447070341, 175.27973044828, 178.26601382622, 181.252297204159, 
184.238580582098, 187.224863960037, 190.211147337977, 193.197430715916, 
196.183714093855, 199.169997471794, 202.156280849734, 205.142564227673, 
208.128847605612, 211.115130983551, 214.101414361491, 217.08769773943, 
220.073981117369, 223.060264495308, 226.046547873248, 229.032831251187, 
232.019114629126, 235.005398007065, 237.991681385004, 240.977964762944, 
243.964248140883, 246.950531518822, 249.936814896761, 252.923098274701, 
255.90938165264, 258.895665030579, 261.881948408518, 264.868231786458, 
267.854515164397, 270.840798542336, 273.827081920275, 276.813365298215, 
279.799648676154, 282.785932054093, 285.772215432032, 288.758498809972, 
291.744782187911, 294.73106556585, 297.717348943789, 300.703632321729, 
303.689915699668, 306.676199077607, 309.662482455546, 312.648765833486, 
315.635049211425, 318.621332589364, 321.607615967303, 324.593899345243, 
327.580182723182, 330.566466101121, 333.55274947906, 336.539032856999, 
339.525316234939, 342.511599612878, 345.497882990817, 348.484166368756, 
351.470449746696, 354.456733124635, 357.443016502574, 360.429299880513, 
363.415583258453, 366.401866636392, 369.388150014331, 372.37443339227, 
375.36071677021, 378.347000148149, 381.333283526088, 384.319566904027, 
387.305850281967, 390.292133659906, 393.278417037845, 396.264700415784, 
399.250983793724, 402.237267171663, 405.223550549602, 408.209833927541, 
411.196117305481, 414.18240068342, 417.168684061359, 420.154967439298, 
423.141250817238, 426.127534195177, 429.113817573116, 432.100100951055, 
435.086384328995, 438.072667706934, 441.058951084873, 444.045234462812, 
447.031517840752, 450.017801218691, 453.00408459663, 455.990367974569, 
458.976651352508, 461.962934730448, 464.949218108387, 467.935501486326, 
470.921784864265, 473.908068242205, 476.894351620144, 479.880634998083, 
482.866918376022, 485.853201753962, 488.839485131901, 491.82576850984, 
494.812051887779, 497.798335265719, 500.784618643658, 503.770902021597, 
506.757185399536, 509.743468777476, 512.729752155415, 515.716035533354, 
518.702318911293, 521.688602289233, 524.674885667172, 527.661169045111, 
530.64745242305, 533.63373580099, 536.620019178929, 539.606302556868, 
542.592585934807, 545.578869312747, 548.565152690686, 551.551436068625, 
554.537719446564, 557.524002824503, 560.510286202443, 563.496569580382, 
566.482852958321, 569.46913633626, 572.4554197142, 575.441703092139, 
578.427986470078, 581.414269848018, 584.400553225957, 587.386836603896, 
590.373119981835, 593.359403359774, 596.345686737714, 599.331970115653, 
602.318253493592, 605.304536871531, 608.290820249471, 611.27710362741, 
614.263387005349, 617.249670383288, 620.235953761228, 623.222237139167, 
626.208520517106, 629.194803895045, 632.181087272985, 635.167370650924, 
638.153654028863, 641.139937406802, 644.126220784741, 647.112504162681, 
650.09878754062, 653.085070918559, 656.071354296498, 659.057637674438, 
662.043921052377, 665.030204430316, 668.016487808256, 671.002771186195, 
673.989054564134, 676.975337942073, 679.961621320012, 682.947904697952, 
685.934188075891, 688.92047145383, 691.906754831769, 694.893038209709, 
697.879321587648, 700.865604965587, 703.851888343527, 706.838171721466, 
709.824455099405, 712.810738477344, 715.797021855283, 718.783305233223, 
721.769588611162, 724.755871989101, 727.74215536704, 730.72843874498, 
733.714722122919, 736.701005500858, 739.687288878797, 742.673572256737, 
745.659855634676, 748.646139012615, 751.632422390554, 754.618705768494, 
757.604989146433, 760.591272524372, 763.577555902311, 766.56383928025, 
769.55012265819, 772.536406036129, 775.522689414068, 778.508972792007, 
781.495256169947, 784.481539547886, 787.467822925825, 790.454106303765, 
793.440389681704, 796.426673059643, 799.412956437582, 802.399239815521, 
805.385523193461, 808.3718065714, 811.358089949339, 814.344373327278, 
817.330656705218, 820.316940083157, 823.303223461096, 826.289506839035, 
829.275790216975, 832.262073594914, 835.248356972853, 838.234640350792, 
841.220923728732, 844.207207106671, 847.19349048461, 850.179773862549, 
853.166057240488, 856.152340618428, 859.138623996367, 862.124907374306, 
865.111190752246, 868.097474130185, 871.083757508124, 874.070040886063, 
877.056324264003, 880.042607641942, 883.028891019881, 886.01517439782, 
889.001457775759, 891.987741153699, 894.974024531638, 897.960307909577, 
900.946591287516, 903.932874665456, 906.919158043395, 909.905441421334, 
912.891724799273, 915.878008177213, 918.864291555152, 921.850574933091, 
924.83685831103, 927.82314168897, 930.809425066909, 933.795708444848, 
936.781991822787, 939.768275200727, 942.754558578666, 945.740841956605, 
948.727125334544, 951.713408712484, 954.699692090423, 957.685975468362, 
960.672258846301, 963.658542224241, 966.64482560218, 969.631108980119, 
972.617392358058, 975.603675735998, 978.589959113937, 981.576242491876, 
984.562525869815, 987.548809247754, 990.535092625694, 993.521376003633, 
996.507659381572, 999.493942759512, 1002.48022613745, 1005.46650951539, 
1008.45279289333, 1011.43907627127, 1014.42535964921, 1017.41164302715, 
1020.39792640509, 1023.38420978303, 1026.37049316096, 1029.3567765389, 
1032.34305991684, 1035.32934329478, 1038.31562667272, 1041.30191005066, 
1044.2881934286, 1047.27447680654, 1050.26076018448, 1053.24704356242, 
1056.23332694036, 1059.2196103183, 1062.20589369624, 1065.19217707417, 
1068.17846045211, 1071.16474383005, 1074.15102720799, 1077.13731058593, 
1080.12359396387, 1083.10987734181, 1086.09616071975, 1089.08244409769, 
1092.06872747563, 1095.05501085357, 1098.04129423151, 1101.02757760945, 
1104.01386098738, 1107.00014436532, 1109.98642774326, 1112.9727111212, 
1115.95899449914, 1118.94527787708, 1121.93156125502, 1124.91784463296, 
1127.9041280109, 1130.89041138884, 1133.87669476678, 1136.86297814472, 
1139.84926152266, 1142.8355449006, 1145.82182827853, 1148.80811165647, 
1151.79439503441, 1154.78067841235, 1157.76696179029, 1160.75324516823, 
1163.73952854617, 1166.72581192411, 1169.71209530205, 1172.69837867999, 
1175.68466205793, 1178.67094543587, 1181.65722881381, 1184.64351219174, 
1187.62979556968, 1190.61607894762, 1193.60236232556, 1196.5886457035, 
1199.57492908144, 1202.56121245938, 1205.54749583732, 1208.53377921526, 
1211.5200625932, 1214.50634597114, 1217.49262934908, 1220.47891272702, 
1223.46519610495, 1226.45147948289, 1229.43776286083, 1232.42404623877, 
1235.41032961671, 1238.39661299465, 1241.38289637259, 1244.36917975053, 
1247.35546312847, 1250.34174650641, 1253.32802988435, 1256.31431326229, 
1259.30059664023, 1262.28688001816, 1265.2731633961, 1268.25944677404, 
1271.24573015198, 1274.23201352992, 1277.21829690786, 1280.2045802858, 
1283.19086366374, 1286.17714704168, 1289.16343041962, 1292.14971379756, 
1295.1359971755, 1298.12228055344, 1301.10856393138, 1304.09484730931, 
1307.08113068725, 1310.06741406519, 1313.05369744313, 1316.03998082107, 
1319.02626419901, 1322.01254757695, 1324.99883095489, 1327.98511433283, 
1330.97139771077, 1333.95768108871, 1336.94396446665, 1339.93024784459, 
1342.91653122252, 1345.90281460046, 1348.8890979784, 1351.87538135634, 
1354.86166473428, 1357.84794811222, 1360.83423149016, 1363.8205148681, 
1366.80679824604, 1369.79308162398, 1372.77936500192, 1375.76564837986, 
1378.7519317578, 1381.73821513573, 1384.72449851367, 1387.71078189161, 
1390.69706526955, 1393.68334864749, 1396.66963202543, 1399.65591540337, 
1402.64219878131, 1405.62848215925, 1408.61476553719, 1411.60104891513, 
1414.58733229307, 1417.57361567101, 1420.55989904894, 1423.54618242688, 
1426.53246580482, 1429.51874918276, 1432.5050325607, 1435.49131593864, 
1438.47759931658, 1441.46388269452, 1444.45016607246, 1447.4364494504, 
1450.42273282834, 1453.40901620628, 1456.39529958422, 1459.38158296216, 
