abc_out <-list(param = structure(c(0.000893825181062511, 0.000872419064838225, 
0.00106263851745862, 0.00156807881874355, 0.000978664467746511, 
0.000942058220980797, 0.00126592505757459, 0.000674673971908058, 
0.00140206142385678, 0.00133454674222165, 0.000997656396666902, 
0.00173172686439822, 0.00206490999792698, 0.000920266096527005, 
0.00128215230469494, 0.00202856226933434, 0.00189542352618044, 
0.00081295938681194, 0.00113379491013354, 0.00148238218996873, 
0.00108092860876748, 0.00107183256403482, 0.00157663598766947, 
0.00140585252416865, 0.00127827952512314, 0.00257632487997118, 
0.000942622251248943, 0.00120453407566521, 0.00104705765112145, 
0.00115981268080509, 0.00272862748134045, 0.00125921912195856, 
0.0021078601908519, 0.00157937482642971, 0.00163603866780278, 
0.00212384452433561, 0.00110501611132094, 0.00130022813673845, 
0.0015760168803341, 0.0013658043960601, 0.00127091787453054, 
0.00200777589739311, 0.00121023151167643, 0.00179617632219465, 
0.00269295761373424, 0.00181766934306057, 0.00116321389467586, 
0.0018582936814789, 0.00125176003870141, 0.000899913703730171, 
0.079824124505808, 0.0787208721844277, 0.106714808497267, 0.0893903915128994, 
0.101669843092374, 0.011781636654909, 0.122816113921629, 0.0155718931116562, 
0.127094798358981, 0.0828503317660289, 0.0857932888120466, 0.0445961047577696, 
0.0816736240447903, 0.0216756663131606, 0.0894969743180863, 0.0830951943753887, 
0.0488595776164124, 0.114119795551086, 0.0658498384008907, 0.0950207991541848, 
0.0642280079055209, 0.0337554919261028, 0.0532880408558917, 0.0346848518907255, 
0.0889762429769694, 0.124126782658455, 0.04080989859974, 0.110783826160354, 
0.0720604537186247, 0.0108338231286692, 0.0651651037483768, 0.0831269792672641, 
0.113662698522295, 0.0658152495749303, 0.0784325136563399, 0.027212977203266, 
0.0613920797264418, 0.101193722837334, 0.132789804862204, 0.0629466239519944, 
0.073924566327459, 0.0149264344936568, 0.140913715801299, 0.132977941511634, 
0.0454336983737081, 0.126500991040629, 0.0527614239131809, 0.0471875810681011, 
0.102220529967429, 0.0298755461732178, 0.484893784028926, 0.510732956300685, 
0.140990936762601, 0.375215199547076, 0.221493956947024, 0.449251824628187, 
0.0993011079235825, 0.407969926560281, 0.0477959088969386, 0.0533723259121628, 
0.171878424494888, 0.38487769678956, 0.0301909608886948, 0.363864883200893, 
0.125513720350344, 0.301418225870754, 0.103479398561118, 0.244529588013018, 
0.483064955287876, 0.343929839000596, 0.227480390135317, 0.513383889870267, 
0.200289498095757, 0.200601004561232, 0.292796394150153, 0.270961496426079, 
0.22171771650819, 0.174394039222456, 0.231303318672855, 0.494420385625432, 
0.439678820213511, 0.246086029755366, 0.101358318186933, 0.57361789449366, 
0.244502575320935, 0.244072096616314, 0.239293860063211, 0.0196724296718518, 
0.131619370632196, 0.234639066546566, 0.245623922099399, 0.421119887881141, 
0.282945362172977, 0.24554852906763, 0.546518158428874, 0.236347679788641, 
0.530717628109541, 0.343867097228093, 0.235404308102788, 0.598554863307863, 
0.255836480429007, 0.131283235984861, 0.180600427740778, 0.0962333722039953, 
0.0660230296826921, 0.0603140687162807, 0.0905803791050755, 0.085508439061679, 
0.090313435114238, 0.127577947610577, 0.120782076782834, 0.248457788539115, 
0.110694038608228, 0.0928118685491747, 0.286768108170853, 0.131053524515121, 
0.210419175328795, 0.141386251607399, 0.172563591893401, 0.226342282913362, 
0.128117929841824, 0.0816479399657106, 0.22811797122352, 0.222143744296007, 
0.1890365279297, 0.167568279017374, 0.190837551317747, 0.282378200517209, 
0.116935128552123, 0.138593308872379, 0.260517587978287, 0.0654499865571916, 
0.266008461969914, 0.146622095471838, 0.283757266688397, 0.174501340484398, 
0.161347185922217, 0.174403952178286, 0.108817276341864, 0.093389353720037, 
0.0833771089093321, 0.153460319916811, 0.152358523493877, 0.210508142002815, 
0.255507572065352, 0.131430339519003, 0.0834409577426908, 0.115303810040525, 
0.187863046052001, 0.10434768768466, 0.0838454179400963, 0.102948064659286, 
0.132842734460424, 0.072363861496294, 0.0948837822411209, 0.122322183881104, 
0.0603722278758054, 0.0525218493665297, 0.0740625619102995, 0.122381526901264, 
0.0945705050370041, 0.0426570163931762, 0.0602373028570017, 0.0469049079160922, 
0.136789197426904, 0.139797019647448, 0.0464791159761174, 0.0279790219259585, 
0.11053915702911, 0.079738897342514, 0.108868757826823, 0.0440651678915415, 
0.120474677911423, 0.0688944388252489, 0.0868012978505352, 0.0976879238295027, 
0.0951269630131406, 0.111915970352833, 0.107079996038089, 0.105855646629601, 
0.0555301627187651, 0.098950666104783, 0.0369047353254258, 0.0826561280981598, 
0.0302514042738455, 0.0449873597124782, 0.0576127851757272, 0.0883812699014122, 
0.0623019941580439, 0.118678679445516, 0.122402408573706, 0.0638649888626989, 
0.0968519907662777, 0.116660115744401, 0.0813815790665163, 0.0255570925526006, 
0.142592266481273, 0.0887808037221563, 0.126716841950176, 0.0948282302882472, 
0.148197622508932, 0.138077313671013, 0.175426013952665, 0.0873702998419855, 
0.100241590291681, 0.163402801623651, 0.175551957809531, 0.174693354466399, 
0.110758228303118, 0.143746572092109, 0.149624748358845, 0.127397440518481, 
0.0933398247017898, 0.121340190739948, 0.198427174986695, 0.0973749767348819, 
0.0747255145658955, 0.193900856261969, 0.190474866700996, 0.166739017521363, 
0.11334671708767, 0.185547874589523, 0.0977412245894173, 0.185752092704632, 
0.171554860774951, 0.0762436992761935, 0.14273003715849, 0.162191547939875, 
0.0841733549748929, 0.191092635937369, 0.158995036006716, 0.142087601189131, 
0.149764059040714, 0.162640180130757, 0.0755458139613386, 0.179253737816337, 
0.101540727406373, 0.169468937826849, 0.0866821189053324, 0.166550898109382, 
0.0814394797855865, 0.136319598574688, 0.0976041212310445, 0.124063410271482, 
0.0959840366283843, 0.0872163362665021, 0.176642294527239, 0.148184968567376, 
0.177546417875769, 0.164256119772968, 543.678464916509, 500.972041662356, 
776.075995165995, 743.869655000211, 710.73450561347, 700.31150843367, 
639.648702413173, 426.31284382307, 761.512825255832, 1142.69336993941, 
610.997555920504, 1074.84121432215, 964.686178696614, 510.896609438961, 
992.029284984117, 1213.48529067498, 949.464895457607, 517.196895009486, 
993.401203477162, 877.310649340891, 921.659484711492, 663.421930095229, 
1006.62293425319, 867.88964090602, 850.747174883136, 1183.91717735421, 
707.208602328817, 957.184396993694, 824.599053866968, 770.483043223781, 
1426.353305289, 835.650561824109, 979.437220843402, 958.286519284946, 
939.895180066501, 1369.99850880276, 634.112151979558, 1039.99953854904, 
832.264424852979, 931.138266548016, 930.657478786316, 1190.35277127494, 
904.092833306742, 1330.04898690094, 1099.74636454286, 739.480434156935, 
827.307822453876, 1111.64607607049, 1036.2465592368, 619.934429404605
), .Dim = c(50L, 7L)),